Epoch, Exe_time, Loss 
1, 0.00, 0.999 
2, 0.00, 0.995 
3, 0.00, 0.992 
4, 0.00, 0.988 
5, 0.00, 0.985 
6, 0.00, 0.981 
7, 0.00, 0.977 
8, 0.00, 0.972 
9, 0.00, 0.967 
10, 0.00, 0.962 
11, 0.00, 0.955 
12, 0.00, 0.948 
13, 0.00, 0.938 
14, 0.00, 0.926 
15, 0.00, 0.911 
16, 0.00, 0.891 
17, 0.00, 0.865 
18, 0.00, 0.831 
19, 0.00, 0.789 
20, 0.00, 0.744 
21, 0.00, 0.702 
22, 0.00, 0.666 
23, 0.00, 0.639 
24, 0.00, 0.618 
25, 0.00, 0.600 
26, 0.00, 0.584 
27, 0.00, 0.569 
28, 0.00, 0.555 
29, 0.00, 0.541 
30, 0.00, 0.529 
31, 0.00, 0.517 
32, 0.00, 0.506 
33, 0.00, 0.495 
34, 0.00, 0.486 
35, 0.00, 0.477 
36, 0.00, 0.469 
37, 0.00, 0.462 
38, 0.00, 0.456 
39, 0.00, 0.451 
40, 0.00, 0.447 
41, 0.00, 0.443 
42, 0.00, 0.440 
43, 0.00, 0.437 
44, 0.00, 0.435 
45, 0.00, 0.433 
46, 0.00, 0.431 
47, 0.00, 0.430 
48, 0.00, 0.429 
49, 0.00, 0.427 
50, 0.00, 0.427 
51, 0.00, 0.426 
52, 0.00, 0.425 
53, 0.00, 0.424 
54, 0.00, 0.423 
55, 0.00, 0.423 
56, 0.00, 0.422 
57, 0.00, 0.422 
58, 0.00, 0.421 
59, 0.00, 0.421 
60, 0.00, 0.420 
61, 0.00, 0.419 
62, 0.00, 0.419 
63, 0.00, 0.418 
64, 0.00, 0.418 
65, 0.00, 0.417 
66, 0.00, 0.417 
67, 0.00, 0.416 
68, 0.00, 0.415 
69, 0.00, 0.414 
70, 0.00, 0.414 
71, 0.00, 0.413 
72, 0.00, 0.412 
73, 0.00, 0.412 
74, 0.00, 0.411 
75, 0.00, 0.411 
76, 0.00, 0.411 
77, 0.00, 0.411 
78, 0.00, 0.410 
79, 0.00, 0.410 
80, 0.00, 0.410 
81, 0.00, 0.409 
82, 0.00, 0.409 
83, 0.00, 0.409 
84, 0.00, 0.409 
85, 0.00, 0.409 
86, 0.00, 0.408 
87, 0.00, 0.408 
88, 0.00, 0.408 
89, 0.00, 0.408 
90, 0.00, 0.408 
91, 0.00, 0.407 
92, 0.00, 0.407 
93, 0.00, 0.407 
94, 0.00, 0.406 
95, 0.00, 0.406 
96, 0.00, 0.406 
97, 0.00, 0.406 
98, 0.00, 0.405 
99, 0.00, 0.405 
100, 0.00, 0.404 
101, 0.00, 0.404 
102, 0.00, 0.404 
103, 0.00, 0.404 
104, 0.00, 0.404 
105, 0.00, 0.403 
106, 0.00, 0.403 
107, 0.00, 0.403 
108, 0.00, 0.403 
109, 0.00, 0.403 
110, 0.00, 0.402 
111, 0.00, 0.402 
112, 0.00, 0.402 
113, 0.00, 0.402 
114, 0.00, 0.401 
115, 0.00, 0.401 
116, 0.00, 0.401 
117, 0.00, 0.401 
118, 0.00, 0.400 
119, 0.00, 0.400 
120, 0.00, 0.400 
121, 0.00, 0.400 
122, 0.00, 0.400 
123, 0.00, 0.399 
124, 0.00, 0.399 
125, 0.00, 0.399 
126, 0.00, 0.399 
127, 0.00, 0.399 
128, 0.00, 0.399 
129, 0.00, 0.399 
130, 0.00, 0.399 
131, 0.00, 0.399 
132, 0.00, 0.399 
133, 0.00, 0.398 
134, 0.00, 0.398 
135, 0.00, 0.398 
136, 0.00, 0.398 
137, 0.00, 0.398 
138, 0.00, 0.397 
139, 0.00, 0.397 
140, 0.00, 0.397 
141, 0.00, 0.397 
142, 0.00, 0.397 
143, 0.00, 0.397 
144, 0.00, 0.397 
145, 0.00, 0.397 
146, 0.00, 0.397 
147, 0.00, 0.396 
148, 0.00, 0.397 
149, 0.00, 0.396 
150, 0.00, 0.396 
151, 0.00, 0.396 
152, 0.00, 0.396 
153, 0.00, 0.396 
154, 0.00, 0.396 
155, 0.00, 0.396 
156, 0.00, 0.396 
157, 0.00, 0.396 
158, 0.00, 0.396 
159, 0.00, 0.396 
160, 0.00, 0.396 
161, 0.00, 0.396 
162, 0.00, 0.395 
163, 0.00, 0.395 
164, 0.00, 0.395 
165, 0.00, 0.395 
166, 0.00, 0.395 
167, 0.00, 0.395 
168, 0.00, 0.395 
169, 0.00, 0.395 
170, 0.00, 0.394 
171, 0.00, 0.394 
172, 0.00, 0.394 
173, 0.00, 0.394 
174, 0.00, 0.394 
175, 0.00, 0.394 
176, 0.00, 0.394 
177, 0.00, 0.394 
178, 0.00, 0.394 
179, 0.00, 0.394 
180, 0.00, 0.394 
181, 0.00, 0.393 
182, 0.00, 0.393 
183, 0.00, 0.394 
184, 0.00, 0.394 
185, 0.00, 0.394 
186, 0.00, 0.393 
187, 0.00, 0.394 
188, 0.00, 0.393 
189, 0.00, 0.393 
190, 0.00, 0.393 
191, 0.00, 0.393 
192, 0.00, 0.393 
193, 0.00, 0.393 
194, 0.00, 0.393 
195, 0.00, 0.393 
196, 0.00, 0.393 
197, 0.00, 0.393 
198, 0.00, 0.393 
199, 0.00, 0.393 
200, 0.00, 0.393 
201, 0.00, 0.393 
202, 0.00, 0.393 
203, 0.00, 0.393 
204, 0.00, 0.393 
205, 0.00, 0.393 
206, 0.00, 0.393 
207, 0.00, 0.393 
208, 0.00, 0.393 
209, 0.00, 0.393 
210, 0.00, 0.393 
211, 0.00, 0.393 
212, 0.00, 0.393 
213, 0.00, 0.393 
214, 0.00, 0.393 
215, 0.00, 0.393 
216, 0.00, 0.393 
217, 0.00, 0.393 
218, 0.00, 0.393 
219, 0.00, 0.393 
220, 0.00, 0.393 
221, 0.00, 0.393 
222, 0.00, 0.393 
223, 0.00, 0.393 
224, 0.00, 0.393 
225, 0.00, 0.393 
226, 0.00, 0.393 
227, 0.00, 0.393 
228, 0.00, 0.393 
229, 0.00, 0.393 
230, 0.00, 0.393 
231, 0.00, 0.393 
232, 0.00, 0.393 
233, 0.00, 0.393 
234, 0.00, 0.393 
235, 0.00, 0.393 
236, 0.00, 0.393 
237, 0.00, 0.393 
238, 0.00, 0.393 
239, 0.00, 0.393 
240, 0.00, 0.393 
241, 0.00, 0.393 
242, 0.00, 0.393 
243, 0.00, 0.393 
244, 0.00, 0.392 
245, 0.00, 0.393 
246, 0.00, 0.393 
247, 0.00, 0.393 
248, 0.00, 0.393 
249, 0.00, 0.393 
250, 0.00, 0.393 
251, 0.00, 0.392 
252, 0.00, 0.393 
253, 0.00, 0.393 
254, 0.00, 0.393 
255, 0.00, 0.393 
256, 0.00, 0.393 
257, 0.00, 0.393 
258, 0.00, 0.392 
259, 0.00, 0.393 
260, 0.00, 0.393 
261, 0.00, 0.392 
262, 0.00, 0.393 
263, 0.00, 0.393 
264, 0.00, 0.392 
265, 0.00, 0.392 
266, 0.00, 0.393 
267, 0.00, 0.393 
268, 0.00, 0.393 
269, 0.00, 0.392 
270, 0.00, 0.393 
271, 0.00, 0.392 
272, 0.00, 0.392 
273, 0.00, 0.393 
274, 0.00, 0.393 
275, 0.00, 0.392 
276, 0.00, 0.393 
277, 0.00, 0.393 
278, 0.00, 0.393 
279, 0.00, 0.392 
280, 0.00, 0.393 
281, 0.00, 0.392 
282, 0.00, 0.392 
283, 0.00, 0.393 
284, 0.00, 0.392 
285, 0.00, 0.392 
286, 0.00, 0.392 
287, 0.00, 0.393 
288, 0.00, 0.392 
289, 0.00, 0.392 
290, 0.00, 0.392 
291, 0.00, 0.392 
292, 0.00, 0.392 
293, 0.00, 0.392 
294, 0.00, 0.392 
295, 0.00, 0.392 
296, 0.00, 0.392 
297, 0.00, 0.392 
298, 0.00, 0.392 
299, 0.00, 0.392 
300, 0.00, 0.392 
301, 0.00, 0.392 
302, 0.00, 0.392 
303, 0.00, 0.392 
304, 0.00, 0.392 
305, 0.00, 0.392 
306, 0.00, 0.392 
307, 0.00, 0.392 
308, 0.00, 0.392 
309, 0.00, 0.392 
310, 0.00, 0.392 
311, 0.00, 0.392 
312, 0.00, 0.392 
313, 0.00, 0.392 
314, 0.00, 0.392 
315, 0.00, 0.392 
316, 0.00, 0.392 
317, 0.00, 0.392 
318, 0.00, 0.392 
319, 0.00, 0.392 
320, 0.00, 0.392 
321, 0.00, 0.393 
322, 0.00, 0.392 
323, 0.00, 0.392 
324, 0.00, 0.392 
325, 0.00, 0.392 
326, 0.00, 0.392 
327, 0.00, 0.392 
328, 0.00, 0.392 
329, 0.00, 0.392 
330, 0.00, 0.392 
331, 0.00, 0.392 
332, 0.00, 0.392 
333, 0.00, 0.392 
334, 0.00, 0.392 
335, 0.00, 0.392 
336, 0.00, 0.392 
337, 0.00, 0.392 
338, 0.00, 0.392 
339, 0.00, 0.392 
340, 0.00, 0.392 
341, 0.00, 0.392 
342, 0.00, 0.392 
343, 0.00, 0.392 
344, 0.00, 0.392 
345, 0.00, 0.392 
346, 0.00, 0.392 
347, 0.00, 0.392 
348, 0.00, 0.392 
349, 0.00, 0.392 
350, 0.00, 0.392 
351, 0.00, 0.392 
352, 0.00, 0.392 
353, 0.00, 0.392 
354, 0.00, 0.392 
355, 0.00, 0.392 
356, 0.00, 0.392 
357, 0.00, 0.392 
358, 0.00, 0.392 
359, 0.00, 0.392 
360, 0.00, 0.392 
361, 0.00, 0.392 
362, 0.00, 0.392 
363, 0.00, 0.392 
364, 0.00, 0.392 
365, 0.00, 0.392 
366, 0.00, 0.392 
367, 0.00, 0.392 
368, 0.00, 0.392 
369, 0.00, 0.392 
370, 0.00, 0.392 
371, 0.00, 0.392 
372, 0.00, 0.392 
373, 0.00, 0.392 
374, 0.00, 0.392 
375, 0.00, 0.392 
376, 0.00, 0.392 
377, 0.00, 0.392 
378, 0.00, 0.392 
379, 0.00, 0.392 
380, 0.00, 0.392 
381, 0.00, 0.392 
382, 0.00, 0.392 
383, 0.00, 0.392 
384, 0.00, 0.392 
385, 0.00, 0.392 
386, 0.00, 0.392 
387, 0.00, 0.392 
388, 0.00, 0.392 
389, 0.00, 0.392 
390, 0.00, 0.392 
391, 0.00, 0.392 
392, 0.00, 0.392 
393, 0.00, 0.392 
394, 0.00, 0.392 
395, 0.00, 0.392 
396, 0.00, 0.392 
397, 0.00, 0.392 
398, 0.00, 0.392 
399, 0.00, 0.392 
400, 0.00, 0.392 
