Epoch, Exe_time, Loss 
1, 0.01, 1.005 
2, 0.01, 1.001 
3, 0.01, 0.997 
4, 0.01, 0.993 
5, 0.01, 0.989 
6, 0.01, 0.984 
7, 0.01, 0.980 
8, 0.01, 0.974 
9, 0.01, 0.968 
10, 0.01, 0.961 
11, 0.01, 0.952 
12, 0.01, 0.942 
13, 0.01, 0.928 
14, 0.01, 0.910 
15, 0.01, 0.886 
16, 0.01, 0.854 
17, 0.01, 0.811 
18, 0.01, 0.762 
19, 0.01, 0.718 
20, 0.01, 0.685 
21, 0.01, 0.660 
22, 0.01, 0.641 
23, 0.01, 0.623 
24, 0.01, 0.607 
25, 0.01, 0.591 
26, 0.01, 0.575 
27, 0.01, 0.560 
28, 0.01, 0.544 
29, 0.01, 0.529 
30, 0.01, 0.515 
31, 0.01, 0.502 
32, 0.01, 0.489 
33, 0.01, 0.478 
34, 0.01, 0.468 
35, 0.01, 0.460 
36, 0.01, 0.453 
37, 0.01, 0.447 
38, 0.01, 0.442 
39, 0.01, 0.437 
40, 0.01, 0.433 
41, 0.01, 0.430 
42, 0.01, 0.427 
43, 0.01, 0.424 
44, 0.01, 0.422 
45, 0.01, 0.420 
46, 0.01, 0.419 
47, 0.01, 0.417 
48, 0.01, 0.416 
49, 0.01, 0.415 
50, 0.01, 0.414 
51, 0.01, 0.413 
52, 0.01, 0.413 
53, 0.01, 0.412 
54, 0.01, 0.411 
55, 0.01, 0.411 
56, 0.01, 0.411 
57, 0.01, 0.410 
58, 0.01, 0.410 
59, 0.01, 0.409 
60, 0.01, 0.409 
61, 0.01, 0.409 
62, 0.01, 0.408 
63, 0.01, 0.408 
64, 0.01, 0.407 
65, 0.01, 0.407 
66, 0.01, 0.406 
67, 0.01, 0.406 
68, 0.01, 0.406 
69, 0.01, 0.405 
70, 0.01, 0.405 
71, 0.01, 0.404 
72, 0.01, 0.403 
73, 0.01, 0.403 
74, 0.01, 0.402 
75, 0.01, 0.402 
76, 0.01, 0.401 
77, 0.01, 0.401 
78, 0.01, 0.400 
79, 0.01, 0.400 
80, 0.01, 0.400 
81, 0.01, 0.400 
82, 0.01, 0.399 
83, 0.01, 0.399 
84, 0.01, 0.399 
85, 0.01, 0.399 
86, 0.01, 0.399 
87, 0.01, 0.399 
88, 0.01, 0.398 
89, 0.01, 0.398 
90, 0.01, 0.398 
91, 0.01, 0.398 
92, 0.01, 0.398 
93, 0.01, 0.398 
94, 0.01, 0.398 
95, 0.01, 0.398 
96, 0.01, 0.398 
97, 0.01, 0.398 
98, 0.01, 0.398 
99, 0.01, 0.398 
100, 0.01, 0.398 
101, 0.01, 0.398 
102, 0.01, 0.398 
103, 0.01, 0.398 
104, 0.01, 0.397 
105, 0.01, 0.397 
106, 0.01, 0.398 
107, 0.01, 0.397 
108, 0.01, 0.397 
109, 0.01, 0.397 
110, 0.01, 0.397 
111, 0.01, 0.397 
112, 0.01, 0.397 
113, 0.01, 0.397 
114, 0.01, 0.397 
115, 0.01, 0.397 
116, 0.01, 0.397 
117, 0.01, 0.397 
118, 0.01, 0.397 
119, 0.01, 0.397 
120, 0.01, 0.396 
121, 0.01, 0.396 
122, 0.01, 0.396 
123, 0.01, 0.396 
124, 0.01, 0.396 
125, 0.01, 0.396 
126, 0.01, 0.396 
127, 0.01, 0.396 
128, 0.01, 0.396 
129, 0.01, 0.395 
130, 0.01, 0.396 
131, 0.01, 0.395 
132, 0.01, 0.395 
133, 0.01, 0.395 
134, 0.01, 0.395 
135, 0.01, 0.395 
136, 0.01, 0.395 
137, 0.01, 0.395 
138, 0.01, 0.395 
139, 0.01, 0.395 
140, 0.01, 0.395 
141, 0.01, 0.395 
142, 0.01, 0.394 
143, 0.01, 0.395 
144, 0.01, 0.394 
145, 0.01, 0.395 
146, 0.01, 0.394 
147, 0.01, 0.394 
148, 0.01, 0.394 
149, 0.01, 0.394 
150, 0.01, 0.394 
151, 0.01, 0.394 
152, 0.01, 0.394 
153, 0.01, 0.394 
154, 0.01, 0.394 
155, 0.01, 0.394 
156, 0.01, 0.394 
157, 0.01, 0.394 
158, 0.01, 0.394 
159, 0.01, 0.394 
160, 0.01, 0.394 
161, 0.01, 0.394 
162, 0.01, 0.394 
163, 0.01, 0.394 
164, 0.01, 0.394 
165, 0.01, 0.394 
166, 0.01, 0.394 
167, 0.01, 0.394 
168, 0.01, 0.394 
169, 0.01, 0.394 
170, 0.01, 0.394 
171, 0.01, 0.394 
172, 0.01, 0.394 
173, 0.01, 0.394 
174, 0.01, 0.394 
175, 0.01, 0.394 
176, 0.01, 0.394 
177, 0.01, 0.394 
178, 0.01, 0.394 
179, 0.01, 0.394 
180, 0.01, 0.394 
181, 0.01, 0.394 
182, 0.01, 0.394 
183, 0.01, 0.393 
184, 0.01, 0.393 
185, 0.01, 0.393 
186, 0.01, 0.393 
187, 0.01, 0.393 
188, 0.01, 0.393 
189, 0.01, 0.393 
190, 0.01, 0.393 
191, 0.01, 0.393 
192, 0.01, 0.393 
193, 0.01, 0.393 
194, 0.01, 0.393 
195, 0.01, 0.393 
196, 0.01, 0.393 
197, 0.01, 0.393 
198, 0.01, 0.393 
199, 0.01, 0.393 
200, 0.01, 0.393 
201, 0.01, 0.393 
202, 0.01, 0.393 
203, 0.01, 0.393 
204, 0.01, 0.393 
205, 0.01, 0.393 
206, 0.01, 0.393 
207, 0.01, 0.393 
208, 0.01, 0.393 
209, 0.01, 0.393 
210, 0.01, 0.393 
211, 0.01, 0.393 
212, 0.01, 0.393 
213, 0.01, 0.393 
214, 0.01, 0.393 
215, 0.01, 0.393 
216, 0.01, 0.393 
217, 0.01, 0.393 
218, 0.01, 0.393 
219, 0.01, 0.393 
220, 0.01, 0.393 
221, 0.01, 0.393 
222, 0.01, 0.393 
223, 0.01, 0.393 
224, 0.01, 0.393 
225, 0.01, 0.393 
226, 0.01, 0.393 
227, 0.01, 0.393 
228, 0.01, 0.393 
229, 0.01, 0.393 
230, 0.01, 0.393 
231, 0.01, 0.393 
232, 0.01, 0.393 
233, 0.01, 0.392 
234, 0.01, 0.392 
235, 0.01, 0.392 
236, 0.01, 0.392 
237, 0.01, 0.392 
238, 0.01, 0.392 
239, 0.01, 0.392 
240, 0.01, 0.392 
241, 0.01, 0.392 
242, 0.01, 0.392 
243, 0.01, 0.391 
244, 0.01, 0.391 
245, 0.01, 0.391 
246, 0.01, 0.391 
247, 0.01, 0.391 
248, 0.01, 0.391 
249, 0.01, 0.391 
250, 0.01, 0.391 
251, 0.01, 0.391 
252, 0.01, 0.391 
253, 0.01, 0.391 
254, 0.01, 0.391 
255, 0.01, 0.391 
256, 0.01, 0.391 
257, 0.01, 0.391 
258, 0.01, 0.391 
259, 0.01, 0.391 
260, 0.01, 0.390 
261, 0.01, 0.391 
262, 0.01, 0.391 
263, 0.01, 0.391 
264, 0.01, 0.391 
265, 0.01, 0.391 
266, 0.01, 0.390 
267, 0.01, 0.390 
268, 0.01, 0.391 
269, 0.01, 0.390 
270, 0.01, 0.390 
271, 0.01, 0.390 
272, 0.01, 0.390 
273, 0.01, 0.391 
274, 0.01, 0.390 
275, 0.01, 0.390 
276, 0.01, 0.390 
277, 0.01, 0.390 
278, 0.01, 0.390 
279, 0.01, 0.390 
280, 0.01, 0.390 
281, 0.01, 0.390 
282, 0.01, 0.390 
283, 0.01, 0.390 
284, 0.01, 0.390 
285, 0.01, 0.390 
286, 0.01, 0.390 
287, 0.01, 0.390 
288, 0.01, 0.390 
289, 0.01, 0.390 
290, 0.01, 0.390 
291, 0.01, 0.390 
292, 0.01, 0.390 
293, 0.01, 0.390 
294, 0.01, 0.390 
295, 0.01, 0.390 
296, 0.01, 0.390 
297, 0.01, 0.390 
298, 0.01, 0.390 
299, 0.01, 0.390 
300, 0.01, 0.391 
301, 0.01, 0.390 
302, 0.01, 0.390 
303, 0.01, 0.390 
304, 0.01, 0.390 
305, 0.01, 0.390 
306, 0.01, 0.390 
307, 0.01, 0.390 
308, 0.01, 0.390 
309, 0.01, 0.390 
310, 0.01, 0.390 
311, 0.01, 0.390 
312, 0.01, 0.390 
313, 0.01, 0.390 
314, 0.01, 0.390 
315, 0.01, 0.390 
316, 0.01, 0.390 
317, 0.01, 0.390 
318, 0.01, 0.390 
319, 0.01, 0.390 
320, 0.01, 0.390 
321, 0.01, 0.390 
322, 0.01, 0.390 
323, 0.01, 0.390 
324, 0.01, 0.390 
325, 0.01, 0.390 
326, 0.01, 0.390 
327, 0.01, 0.390 
328, 0.01, 0.390 
329, 0.01, 0.390 
330, 0.01, 0.390 
331, 0.01, 0.390 
332, 0.01, 0.390 
333, 0.01, 0.390 
334, 0.01, 0.390 
335, 0.01, 0.390 
336, 0.01, 0.390 
337, 0.01, 0.390 
338, 0.01, 0.390 
339, 0.01, 0.390 
340, 0.01, 0.390 
341, 0.01, 0.390 
342, 0.01, 0.390 
343, 0.01, 0.390 
344, 0.01, 0.390 
345, 0.01, 0.390 
346, 0.01, 0.390 
347, 0.01, 0.390 
348, 0.01, 0.390 
349, 0.01, 0.390 
350, 0.01, 0.390 
351, 0.01, 0.390 
352, 0.01, 0.390 
353, 0.01, 0.390 
354, 0.01, 0.390 
355, 0.01, 0.390 
356, 0.01, 0.390 
357, 0.01, 0.390 
358, 0.01, 0.390 
359, 0.01, 0.390 
360, 0.01, 0.390 
361, 0.01, 0.390 
362, 0.01, 0.390 
363, 0.01, 0.390 
364, 0.01, 0.390 
365, 0.01, 0.390 
366, 0.01, 0.390 
367, 0.01, 0.390 
368, 0.01, 0.390 
369, 0.01, 0.390 
370, 0.01, 0.390 
371, 0.01, 0.390 
372, 0.01, 0.390 
373, 0.01, 0.390 
374, 0.01, 0.390 
375, 0.01, 0.390 
376, 0.01, 0.390 
377, 0.01, 0.390 
378, 0.01, 0.390 
379, 0.01, 0.390 
380, 0.01, 0.390 
381, 0.01, 0.390 
382, 0.01, 0.390 
383, 0.01, 0.390 
384, 0.01, 0.390 
385, 0.01, 0.390 
386, 0.01, 0.390 
387, 0.01, 0.390 
388, 0.01, 0.390 
389, 0.01, 0.390 
390, 0.01, 0.390 
391, 0.01, 0.390 
392, 0.01, 0.390 
393, 0.01, 0.390 
394, 0.01, 0.390 
395, 0.01, 0.390 
396, 0.01, 0.390 
397, 0.01, 0.390 
398, 0.01, 0.390 
399, 0.01, 0.390 
400, 0.01, 0.390 
