Epoch, Exe_time, Loss 
1, 0.02, 1.005 
2, 0.02, 1.002 
3, 0.02, 0.998 
4, 0.02, 0.994 
5, 0.02, 0.990 
6, 0.02, 0.986 
7, 0.02, 0.982 
8, 0.02, 0.977 
9, 0.02, 0.971 
10, 0.02, 0.964 
11, 0.02, 0.956 
12, 0.02, 0.946 
13, 0.02, 0.934 
14, 0.02, 0.917 
15, 0.02, 0.893 
16, 0.02, 0.861 
17, 0.02, 0.816 
18, 0.02, 0.762 
19, 0.02, 0.708 
20, 0.02, 0.667 
21, 0.02, 0.641 
22, 0.02, 0.622 
23, 0.02, 0.604 
24, 0.02, 0.586 
25, 0.02, 0.569 
26, 0.02, 0.552 
27, 0.02, 0.535 
28, 0.02, 0.520 
29, 0.02, 0.506 
30, 0.02, 0.493 
31, 0.02, 0.482 
32, 0.02, 0.472 
33, 0.02, 0.464 
34, 0.02, 0.456 
35, 0.02, 0.450 
36, 0.02, 0.445 
37, 0.02, 0.440 
38, 0.02, 0.436 
39, 0.02, 0.433 
40, 0.02, 0.430 
41, 0.02, 0.428 
42, 0.02, 0.426 
43, 0.02, 0.424 
44, 0.02, 0.423 
45, 0.02, 0.421 
46, 0.02, 0.421 
47, 0.02, 0.420 
48, 0.02, 0.419 
49, 0.02, 0.418 
50, 0.02, 0.418 
51, 0.02, 0.417 
52, 0.03, 0.417 
53, 0.04, 0.416 
54, 0.02, 0.416 
55, 0.02, 0.416 
56, 0.02, 0.415 
57, 0.02, 0.415 
58, 0.02, 0.414 
59, 0.02, 0.414 
60, 0.02, 0.414 
61, 0.02, 0.413 
62, 0.02, 0.413 
63, 0.02, 0.413 
64, 0.02, 0.412 
65, 0.03, 0.412 
66, 0.02, 0.412 
67, 0.02, 0.411 
68, 0.02, 0.411 
69, 0.03, 0.411 
70, 0.02, 0.411 
71, 0.02, 0.410 
72, 0.02, 0.410 
73, 0.02, 0.410 
74, 0.02, 0.410 
75, 0.02, 0.409 
76, 0.02, 0.409 
77, 0.02, 0.409 
78, 0.02, 0.408 
79, 0.02, 0.408 
80, 0.02, 0.408 
81, 0.02, 0.408 
82, 0.02, 0.407 
83, 0.02, 0.407 
84, 0.02, 0.407 
85, 0.02, 0.407 
86, 0.02, 0.407 
87, 0.02, 0.407 
88, 0.02, 0.407 
89, 0.02, 0.406 
90, 0.02, 0.406 
91, 0.02, 0.406 
92, 0.02, 0.406 
93, 0.02, 0.406 
94, 0.02, 0.406 
95, 0.02, 0.406 
96, 0.02, 0.406 
97, 0.02, 0.405 
98, 0.02, 0.405 
99, 0.02, 0.405 
100, 0.02, 0.405 
101, 0.02, 0.405 
102, 0.02, 0.404 
103, 0.02, 0.404 
104, 0.02, 0.404 
105, 0.02, 0.404 
106, 0.02, 0.404 
107, 0.02, 0.404 
108, 0.02, 0.403 
109, 0.02, 0.404 
110, 0.02, 0.403 
111, 0.02, 0.403 
112, 0.02, 0.403 
113, 0.02, 0.403 
114, 0.02, 0.403 
115, 0.02, 0.403 
116, 0.02, 0.403 
117, 0.02, 0.403 
118, 0.02, 0.403 
119, 0.02, 0.403 
120, 0.02, 0.403 
121, 0.02, 0.403 
122, 0.02, 0.403 
123, 0.02, 0.403 
124, 0.02, 0.403 
125, 0.02, 0.403 
126, 0.02, 0.403 
127, 0.02, 0.402 
128, 0.02, 0.402 
129, 0.02, 0.402 
130, 0.02, 0.402 
131, 0.02, 0.402 
132, 0.03, 0.402 
133, 0.02, 0.402 
134, 0.02, 0.402 
135, 0.02, 0.402 
136, 0.02, 0.402 
137, 0.02, 0.402 
138, 0.02, 0.401 
139, 0.02, 0.401 
140, 0.02, 0.401 
141, 0.02, 0.401 
142, 0.02, 0.401 
143, 0.02, 0.401 
144, 0.02, 0.401 
145, 0.02, 0.400 
146, 0.02, 0.400 
147, 0.02, 0.400 
148, 0.02, 0.400 
149, 0.02, 0.400 
150, 0.02, 0.399 
151, 0.02, 0.399 
152, 0.02, 0.399 
153, 0.02, 0.399 
154, 0.02, 0.398 
155, 0.02, 0.398 
156, 0.02, 0.398 
157, 0.02, 0.397 
158, 0.02, 0.397 
159, 0.02, 0.397 
160, 0.02, 0.396 
161, 0.02, 0.396 
162, 0.02, 0.396 
163, 0.02, 0.396 
164, 0.02, 0.396 
165, 0.02, 0.396 
166, 0.02, 0.395 
167, 0.02, 0.395 
168, 0.02, 0.395 
169, 0.02, 0.395 
170, 0.02, 0.395 
171, 0.02, 0.395 
172, 0.02, 0.395 
173, 0.02, 0.395 
174, 0.02, 0.395 
175, 0.02, 0.395 
176, 0.02, 0.395 
177, 0.02, 0.395 
178, 0.02, 0.395 
179, 0.02, 0.395 
180, 0.02, 0.395 
181, 0.02, 0.395 
182, 0.02, 0.395 
183, 0.02, 0.395 
184, 0.02, 0.395 
185, 0.02, 0.395 
186, 0.02, 0.395 
187, 0.02, 0.395 
188, 0.02, 0.395 
189, 0.02, 0.395 
190, 0.02, 0.395 
191, 0.02, 0.395 
192, 0.02, 0.395 
193, 0.02, 0.395 
194, 0.02, 0.395 
195, 0.02, 0.395 
196, 0.02, 0.395 
197, 0.03, 0.395 
198, 0.02, 0.395 
199, 0.02, 0.395 
200, 0.02, 0.395 
201, 0.02, 0.395 
202, 0.02, 0.395 
203, 0.02, 0.395 
204, 0.02, 0.395 
205, 0.02, 0.395 
206, 0.02, 0.395 
207, 0.02, 0.395 
208, 0.02, 0.395 
209, 0.02, 0.395 
210, 0.02, 0.395 
211, 0.02, 0.395 
212, 0.02, 0.395 
213, 0.02, 0.395 
214, 0.02, 0.395 
215, 0.02, 0.395 
216, 0.02, 0.395 
217, 0.02, 0.395 
218, 0.02, 0.395 
219, 0.02, 0.395 
220, 0.02, 0.395 
221, 0.02, 0.395 
222, 0.02, 0.395 
223, 0.02, 0.395 
224, 0.02, 0.395 
225, 0.02, 0.394 
226, 0.02, 0.395 
227, 0.02, 0.395 
228, 0.02, 0.395 
229, 0.02, 0.395 
230, 0.02, 0.395 
231, 0.02, 0.395 
232, 0.02, 0.395 
233, 0.02, 0.394 
234, 0.02, 0.395 
235, 0.02, 0.394 
236, 0.02, 0.395 
237, 0.02, 0.394 
238, 0.02, 0.394 
239, 0.02, 0.394 
240, 0.02, 0.394 
241, 0.02, 0.394 
242, 0.02, 0.394 
243, 0.02, 0.394 
244, 0.02, 0.394 
245, 0.02, 0.394 
246, 0.02, 0.394 
247, 0.02, 0.394 
248, 0.02, 0.394 
249, 0.02, 0.394 
250, 0.02, 0.394 
251, 0.02, 0.394 
252, 0.02, 0.394 
253, 0.02, 0.394 
254, 0.02, 0.394 
255, 0.02, 0.394 
256, 0.02, 0.394 
257, 0.02, 0.394 
258, 0.02, 0.394 
259, 0.02, 0.394 
260, 0.02, 0.394 
261, 0.02, 0.394 
262, 0.02, 0.394 
263, 0.02, 0.394 
264, 0.02, 0.394 
265, 0.02, 0.394 
266, 0.02, 0.394 
267, 0.02, 0.394 
268, 0.02, 0.394 
269, 0.02, 0.394 
270, 0.02, 0.394 
271, 0.02, 0.394 
272, 0.02, 0.394 
273, 0.02, 0.394 
274, 0.02, 0.394 
275, 0.02, 0.394 
276, 0.02, 0.394 
277, 0.02, 0.394 
278, 0.02, 0.394 
279, 0.02, 0.394 
280, 0.02, 0.394 
281, 0.02, 0.394 
282, 0.02, 0.394 
283, 0.02, 0.394 
284, 0.02, 0.394 
285, 0.02, 0.394 
286, 0.02, 0.394 
287, 0.02, 0.394 
288, 0.02, 0.394 
289, 0.02, 0.394 
290, 0.02, 0.394 
291, 0.02, 0.394 
292, 0.02, 0.394 
293, 0.02, 0.394 
294, 0.02, 0.394 
295, 0.02, 0.394 
296, 0.02, 0.394 
297, 0.02, 0.394 
298, 0.02, 0.394 
299, 0.02, 0.394 
300, 0.02, 0.394 
301, 0.02, 0.394 
302, 0.02, 0.394 
303, 0.02, 0.394 
304, 0.02, 0.394 
305, 0.02, 0.394 
306, 0.02, 0.394 
307, 0.02, 0.394 
308, 0.02, 0.394 
309, 0.02, 0.394 
310, 0.02, 0.394 
311, 0.02, 0.394 
312, 0.02, 0.394 
313, 0.02, 0.394 
314, 0.02, 0.394 
315, 0.02, 0.394 
316, 0.02, 0.394 
317, 0.02, 0.394 
318, 0.02, 0.394 
319, 0.02, 0.394 
320, 0.02, 0.394 
321, 0.02, 0.394 
322, 0.02, 0.394 
323, 0.02, 0.394 
324, 0.02, 0.394 
325, 0.02, 0.394 
326, 0.02, 0.394 
327, 0.02, 0.394 
328, 0.02, 0.394 
329, 0.02, 0.394 
330, 0.02, 0.394 
331, 0.02, 0.394 
332, 0.02, 0.394 
333, 0.02, 0.394 
334, 0.02, 0.394 
335, 0.02, 0.394 
336, 0.02, 0.394 
337, 0.02, 0.394 
338, 0.02, 0.394 
339, 0.02, 0.394 
340, 0.02, 0.394 
341, 0.02, 0.394 
342, 0.02, 0.394 
343, 0.02, 0.394 
344, 0.02, 0.394 
345, 0.02, 0.394 
346, 0.02, 0.394 
347, 0.02, 0.394 
348, 0.02, 0.394 
349, 0.02, 0.394 
350, 0.02, 0.394 
351, 0.02, 0.394 
352, 0.02, 0.394 
353, 0.02, 0.394 
354, 0.02, 0.394 
355, 0.02, 0.394 
356, 0.02, 0.394 
357, 0.02, 0.394 
358, 0.02, 0.394 
359, 0.02, 0.394 
360, 0.02, 0.394 
361, 0.02, 0.394 
362, 0.02, 0.394 
363, 0.02, 0.394 
364, 0.02, 0.394 
365, 0.02, 0.394 
366, 0.02, 0.394 
367, 0.02, 0.394 
368, 0.02, 0.394 
369, 0.02, 0.394 
370, 0.02, 0.394 
371, 0.02, 0.394 
372, 0.02, 0.394 
373, 0.02, 0.394 
374, 0.02, 0.394 
375, 0.02, 0.394 
376, 0.02, 0.394 
377, 0.02, 0.394 
378, 0.02, 0.394 
379, 0.02, 0.394 
380, 0.02, 0.394 
381, 0.02, 0.394 
382, 0.02, 0.394 
383, 0.02, 0.394 
384, 0.02, 0.394 
385, 0.02, 0.394 
386, 0.02, 0.394 
387, 0.02, 0.394 
388, 0.02, 0.394 
389, 0.02, 0.394 
390, 0.02, 0.394 
391, 0.02, 0.394 
392, 0.02, 0.394 
393, 0.02, 0.394 
394, 0.02, 0.394 
395, 0.02, 0.394 
396, 0.02, 0.394 
397, 0.02, 0.394 
398, 0.02, 0.394 
399, 0.02, 0.394 
400, 0.02, 0.394 
